iteracao 0
221011111122201022212
011211122000202102102
002120211000022101002
201122210222201021212
020220201101112121210
211012112222021121110
iteracao 1
202021222220002122022
022022200000000200212
000200022000020202012
002200020000002002020
000001002212220202020
222120220000002202221
iteracao 2
000022200000002220022
000022200000000200020
000000000000000000120
000000000000000000020
000012000222000000020
002200200000000000022
iteracao 3
000000000000000000000
000000000000000000020
000000000000000000220
000000000000000000020
000022000000000000000
000200000000000000000
iteracao 4
000000000000000000000
000000000000000000000
000000000000000000000
000000000000000000000
000000000000000000000
000000000000000000000
iteracao 5
000000000000000000000
000000000000000000000
000000000000000000000
000000000000000000000
000000000000000000000
000000000000000000000
iteracao 6
000000000000000000000
000000000000000000000
000000000000000000000
000000000000000000000
000000000000000000000
000000000000000000000
iteracao 7
000000000000000000000
000000000000000000000
000000000000000000000
000000000000000000000
000000000000000000000
000000000000000000000
iteracao 8
000000000000000000000
000000000000000000000
000000000000000000000
000000000000000000000
000000000000000000000
000000000000000000000
iteracao 9
000000000000000000000
000000000000000000000
000000000000000000000
000000000000000000000
000000000000000000000
000000000000000000000
iteracao 10
000000000000000000000
000000000000000000000
000000000000000000000
000000000000000000000
000000000000000000000
000000000000000000000
iteracao 11
000000000000000000000
000000000000000000000
000000000000000000000
000000000000000000000
000000000000000000000
000000000000000000000
